1
1
60
4
0
25 26
37 5
0 -1
0.5
60
4 2 2 10 2
19 2 2 10 2
34 2 1 10 1
49 2 1 10 2
64 2 2 10 2
79 2 2 10 2
4 5 2 10 2
19 5 2 10 1
34 5 2 10 0
49 5 2 10 1
64 5 2 10 1
79 5 2 10 2
4 8 2 10 2
19 8 2 10 1
34 8 2 10 0
49 8 2 10 1
64 8 2 10 1
79 8 2 10 2
4 11 2 10 2
19 11 2 10 2
34 11 1 10 0
49 11 1 10 1
64 11 2 10 2
79 11 2 10 2
79 11 2 10 2
79 11 2 10 2
79 11 2 10 2
79 11 2 10 2
79 11 2 10 2
79 11 2 10 2
79 11 2 10 2
79 11 2 10 2
79 11 2 10 2
79 11 2 10 2
79 11 2 10 2
79 11 2 10 2
79 11 2 10 2
79 11 2 10 2
79 11 2 10 2
79 11 2 10 2
79 0 0 32 32
79 0 0 32 32
79 0 0 32 32
79 0 0 32 32
79 0 0 32 32
79 0 0 32 32
79 0 0 32 32
79 0 0 32 32
79 0 0 32 32
79 0 0 32 32
79 0 0 32 32
79 0 0 32 32
79 0 0 32 32
79 0 0 32 32
79 0 0 32 32
79 0 0 32 32
79 0 0 32 32
79 0 0 32 32
79 0 0 32 32
79 0 0 32 32
